8244-6103-MAPS-VOR10-GAU-MILESHC,130.99644,51.090264,25,1,523750.4
8244-9102-MAPS-VOR10-GAU-MILESHC,132.97774,52.900881,25,1,476170.66
8243-9102-MAPS-VOR10-GAU-MILESHC,130.82174,52.757929,25,1,247134.57
7992-12704-MAPS-VOR10-GAU-MILESHC,254.71731,63.17953,25,1,416760.02
8244-1901-MAPS-VOR10-GAU-MILESHC,132.54474,51.775374,25,1,371141.16
8141-6104-MAPS-VOR10-GAU-MILESHC,120.44053,44.110051,25,1,545440.3
8141-6101-MAPS-VOR10-GAU-MILESHC,119.16593,44.101008,25,1,193368.03
8135-12701-MAPS-VOR10-GAU-MILESHC,113.47227,37.025905,25,1,259710.82
8137-6104-MAPS-VOR10-GAU-MILESHC,116.96757,43.3835,25,1,463298.01
8483-6104-MAPS-VOR10-GAU-MILESHC,247.69497,47.794766,25,1,530257.19
7975-6103-MAPS-VOR10-GAU-MILESHC,324.79932,11.939322,25,1,334205.32
8244-3704-MAPS-VOR10-GAU-MILESHC,132.62786,50.278927,25,1,506834.94
8143-6101-MAPS-VOR10-GAU-MILESHC,121.0142,40.802613,25,1,523044.4
8481-3702-MAPS-VOR10-GAU-MILESHC,239.33915,54.671073,25,1,197947.88
8482-9101-MAPS-VOR10-GAU-MILESHC,241.79955,48.572563,25,1,183240.09
8555-3704-MAPS-VOR10-GAU-MILESHC,246.94294,44.177521,25,1,576219.02
8612-6103-MAPS-VOR10-GAU-MILESHC,252.43035,38.872717,25,1,258570.7
8606-9101-MAPS-VOR10-GAU-MILESHC,253.57262,37.622378,25,1,272399.72
8482-6103-MAPS-VOR10-GAU-MILESHC,243.492,49.189613,25,1,252556.67
8555-6102-MAPS-VOR10-GAU-MILESHC,246.88187,43.406264,25,1,537208.16
8555-6103-MAPS-VOR10-GAU-MILESHC,247.09714,43.957613,25,1,577578.31
8601-12704-MAPS-VOR10-GAU-MILESHC,249.08139,40.424156,25,1,434124.9
8588-6102-MAPS-VOR10-GAU-MILESHC,250.11671,39.320117,25,1,127297.9
8555-12704-MAPS-VOR10-GAU-MILESHC,245.19438,43.153208,25,1,554828.66
7962-3702-MAPS-VOR10-GAU-MILESHC,259.06375,28.014006,25,1,446260.14
8555-3702-MAPS-VOR10-GAU-MILESHC,246.42637,43.931774,25,1,551089.65
8601-9102-MAPS-VOR10-GAU-MILESHC,250.40572,40.163491,25,1,142246.2
7962-6103-MAPS-VOR10-GAU-MILESHC,259.79333,28.358124,25,1,398786.52
8606-6102-MAPS-VOR10-GAU-MILESHC,255.35005,37.382802,25,1,504960.11
7975-3702-MAPS-VOR10-GAU-MILESHC,323.29633,10.644204,25,1,368445.89
8452-3703-MAPS-VOR10-GAU-MILESHC,156.69961,48.12904,25,1,551316.21
8247-9102-MAPS-VOR10-GAU-MILESHC,137.44128,41.95587,25,1,578745.56
8439-3703-MAPS-VOR10-GAU-MILESHC,144.47599,50.989099,25,1,573077.14
8459-3703-MAPS-VOR10-GAU-MILESHC,147.335,43.44299,25,1,301936.42
8325-12704-MAPS-VOR10-GAU-MILESHC,211.99176,47.906401,25,1,595754.34
8552-6104-MAPS-VOR10-GAU-MILESHC,229.05208,45.233058,25,1,267147.27
8485-9101-MAPS-VOR10-GAU-MILESHC,233.1075,48.833285,25,1,311550.09
8486-3701-MAPS-VOR10-GAU-MILESHC,236.09284,47.853581,25,1,534439.14
8082-12704-MAPS-VOR10-GAU-MILESHC,49.949562,-0.22114541,25,1,545230.06
8466-6104-MAPS-VOR10-GAU-MILESHC,169.66955,45.552726,25,1,468205.91
8253-6103-MAPS-VOR10-GAU-MILESHC,156.98851,43.318268,25,1,440440.69
8254-6103-MAPS-VOR10-GAU-MILESHC,162.98917,44.760132,25,1,580602.86
8257-6104-MAPS-VOR10-GAU-MILESHC,166.10686,45.781712,25,1,590041.21
8253-12702-MAPS-VOR10-GAU-MILESHC,157.62418,43.242186,25,1,415046.36
8261-3702-MAPS-VOR10-GAU-MILESHC,181.82758,46.727526,25,1,422866.3
8465-6101-MAPS-VOR10-GAU-MILESHC,195.52296,47.496953,25,1,592550.44
8319-9102-MAPS-VOR10-GAU-MILESHC,201.561,47.300338,25,1,378308.92
8318-6102-MAPS-VOR10-GAU-MILESHC,197.23932,45.905447,25,1,534769.17
8329-3703-MAPS-VOR10-GAU-MILESHC,214.06021,43.922933,25,1,569474.32
8319-12701-MAPS-VOR10-GAU-MILESHC,199.60876,47.223166,25,1,240331.4
8317-12701-MAPS-VOR10-GAU-MILESHC,192.26994,43.833168,25,1,310864.78
8274-6103-MAPS-VOR10-GAU-MILESHC,166.39903,42.94534,25,1,317303.92
8335-9101-MAPS-VOR10-GAU-MILESHC,215.21668,40.36212,25,1,341555.76
8261-12702-MAPS-VOR10-GAU-MILESHC,182.98375,45.78993,25,1,466760.9
8261-3703-MAPS-VOR10-GAU-MILESHC,183.15211,45.625195,25,1,276590.77
8256-6104-MAPS-VOR10-GAU-MILESHC,166.67355,42.811675,25,1,247891.85
8261-3704-MAPS-VOR10-GAU-MILESHC,184.19393,44.671055,25,1,360268.2
8335-6103-MAPS-VOR10-GAU-MILESHC,215.96473,40.258831,25,1,344038.99
8258-6103-MAPS-VOR10-GAU-MILESHC,167.60275,43.828697,25,1,315279.57
8258-3703-MAPS-VOR10-GAU-MILESHC,167.09624,44.150324,25,1,247086.38
8318-12701-MAPS-VOR10-GAU-MILESHC,196.61105,45.289,25,1,214473.92
8259-12705-MAPS-VOR10-GAU-MILESHC,180.17271,43.354629,25,1,468640.24
8447-6104-MAPS-VOR10-GAU-MILESHC,208.39261,38.996599,25,1,606583.6
8447-6103-MAPS-VOR10-GAU-MILESHC,206.17304,40.4673,25,1,316004.57
8447-3702-MAPS-VOR10-GAU-MILESHC,207.39001,38.714466,25,1,451923.41
8315-12702-MAPS-VOR10-GAU-MILESHC,234.88333,38.163715,25,1,272565.02
8131-6103-MAPS-VOR10-GAU-MILESHC,112.67069,40.19179,25,1,498368.95
8131-3704-MAPS-VOR10-GAU-MILESHC,111.97529,40.09199,25,1,501621.32
8137-9101-MAPS-VOR10-GAU-MILESHC,115.63232,43.935523,25,1,493561.12
8137-3702-MAPS-VOR10-GAU-MILESHC,115.36872,44.408794,25,1,547614.6
8132-3701-MAPS-VOR10-GAU-MILESHC,112.64484,42.329059,25,1,496848.83
8132-9102-MAPS-VOR10-GAU-MILESHC,112.00344,41.918768,25,1,247221.39
8554-9102-MAPS-VOR10-GAU-MILESHC,183.78911,36.33662,25,1,611303.21
8554-3702-MAPS-VOR10-GAU-MILESHC,182.66439,36.614504,25,1,347514.97
8554-6102-MAPS-VOR10-GAU-MILESHC,182.78447,35.333007,25,1,564088.91
8554-6103-MAPS-VOR10-GAU-MILESHC,183.99738,35.717375,25,1,551919.13
8555-12701-MAPS-VOR10-GAU-MILESHC,245.36222,42.76129,25,1,560869.94
7957-12703-MAPS-VOR10-GAU-MILESHC,258.19022,36.278856,25,1,486340.59
8482-12701-MAPS-VOR10-GAU-MILESHC,244.29842,49.964398,25,1,241585.51
